0.9656357388316151	0.9278350515463918	0.9484536082474226	0.9209621993127147	0.9312714776632303	0.9175257731958762	0.9518900343642611	0.9312714776632303	0.9450171821305842	0.9278350515463918	epochs = 800
lstm_hidden = 16
out_channels1 = 8
out_channels2 = 8
out_channels3 = 16
out_channels4 = 16
fc1_out = 32
chb07
0.9666666666666667	0.6962962962962963	0.8814814814814815	0.7296296296296296	0.725925925925926	
chb08
0.7247706422018348	0.9877675840978594	0.6838487972508591	0.7079037800687286	epochs = 800
lstm_hidden = 16
out_channels1 = 8
out_channels2 = 8
out_channels3 = 16
out_channels4 = 16
fc1_out = 32
chb07
0.9690721649484536	